{
 "cells": [
  {
   "cell_type": "markdown",
   "metadata": {},
   "source": [
    "## Necessary imports"
   ]
  },
  {
   "cell_type": "code",
   "execution_count": 1,
   "metadata": {},
   "outputs": [],
   "source": [
    "import numpy as np\n",
    "\n",
    "from dojo.tree.ClassificationTree import ClassificationTree\n",
    "from sklearn.datasets import load_iris"
   ]
  },
  {
   "cell_type": "markdown",
   "metadata": {},
   "source": [
    "## Loading data"
   ]
  },
  {
   "cell_type": "code",
   "execution_count": 2,
   "metadata": {},
   "outputs": [],
   "source": [
    "iris = load_iris()\n",
    "data = np.column_stack((iris[\"data\"], iris[\"target\"]))\n",
    "np.random.shuffle(data)\n",
    "\n",
    "X, y = data[:, :-1], data[:, -1]"
   ]
  },
  {
   "cell_type": "markdown",
   "metadata": {},
   "source": [
    "## Building the model"
   ]
  },
  {
   "cell_type": "code",
   "execution_count": 3,
   "metadata": {},
   "outputs": [],
   "source": [
    "tree = ClassificationTree()\n",
    "tree.fit(X, y)"
   ]
  },
  {
   "cell_type": "code",
   "execution_count": 4,
   "metadata": {},
   "outputs": [
    {
     "data": {
      "text/plain": [
       "[{1.0: 0.9423076923076923, 2.0: 0.057692307692307696},\n",
       " {1.0: 0.9423076923076923, 2.0: 0.057692307692307696},\n",
       " {1.0: 0.9423076923076923, 2.0: 0.057692307692307696},\n",
       " {0.0: 1.0},\n",
       " {2.0: 0.9782608695652174, 1.0: 0.021739130434782608},\n",
       " {2.0: 0.9782608695652174, 1.0: 0.021739130434782608},\n",
       " {1.0: 0.9423076923076923, 2.0: 0.057692307692307696},\n",
       " {0.0: 1.0},\n",
       " {1.0: 0.9423076923076923, 2.0: 0.057692307692307696},\n",
       " {0.0: 1.0},\n",
       " {2.0: 0.9782608695652174, 1.0: 0.021739130434782608},\n",
       " {2.0: 0.9782608695652174, 1.0: 0.021739130434782608},\n",
       " {1.0: 0.9423076923076923, 2.0: 0.057692307692307696},\n",
       " {0.0: 1.0},\n",
       " {1.0: 0.9423076923076923, 2.0: 0.057692307692307696},\n",
       " {1.0: 0.9423076923076923, 2.0: 0.057692307692307696},\n",
       " {0.0: 1.0},\n",
       " {0.0: 1.0},\n",
       " {0.0: 1.0},\n",
       " {0.0: 1.0},\n",
       " {1.0: 0.9423076923076923, 2.0: 0.057692307692307696},\n",
       " {1.0: 0.9423076923076923, 2.0: 0.057692307692307696},\n",
       " {2.0: 0.9782608695652174, 1.0: 0.021739130434782608},\n",
       " {1.0: 0.9423076923076923, 2.0: 0.057692307692307696},\n",
       " {1.0: 0.9423076923076923, 2.0: 0.057692307692307696},\n",
       " {0.0: 1.0},\n",
       " {0.0: 1.0},\n",
       " {1.0: 0.9423076923076923, 2.0: 0.057692307692307696},\n",
       " {1.0: 0.9423076923076923, 2.0: 0.057692307692307696},\n",
       " {2.0: 0.9782608695652174, 1.0: 0.021739130434782608},\n",
       " {2.0: 0.9782608695652174, 1.0: 0.021739130434782608},\n",
       " {0.0: 1.0},\n",
       " {2.0: 0.9782608695652174, 1.0: 0.021739130434782608},\n",
       " {1.0: 0.9423076923076923, 2.0: 0.057692307692307696},\n",
       " {1.0: 0.9423076923076923, 2.0: 0.057692307692307696},\n",
       " {1.0: 0.9423076923076923, 2.0: 0.057692307692307696},\n",
       " {0.0: 1.0},\n",
       " {0.0: 1.0},\n",
       " {2.0: 0.9782608695652174, 1.0: 0.021739130434782608},\n",
       " {2.0: 0.9782608695652174, 1.0: 0.021739130434782608},\n",
       " {2.0: 0.9782608695652174, 1.0: 0.021739130434782608},\n",
       " {2.0: 0.9782608695652174, 1.0: 0.021739130434782608},\n",
       " {0.0: 1.0},\n",
       " {1.0: 0.9423076923076923, 2.0: 0.057692307692307696},\n",
       " {0.0: 1.0},\n",
       " {2.0: 0.9782608695652174, 1.0: 0.021739130434782608},\n",
       " {0.0: 1.0},\n",
       " {2.0: 0.9782608695652174, 1.0: 0.021739130434782608},\n",
       " {2.0: 1.0},\n",
       " {2.0: 0.9782608695652174, 1.0: 0.021739130434782608},\n",
       " {2.0: 0.9782608695652174, 1.0: 0.021739130434782608},\n",
       " {0.0: 1.0},\n",
       " {1.0: 0.9423076923076923, 2.0: 0.057692307692307696},\n",
       " {1.0: 0.9423076923076923, 2.0: 0.057692307692307696},\n",
       " {1.0: 0.9423076923076923, 2.0: 0.057692307692307696},\n",
       " {2.0: 0.9782608695652174, 1.0: 0.021739130434782608},\n",
       " {2.0: 0.9782608695652174, 1.0: 0.021739130434782608},\n",
       " {1.0: 0.9423076923076923, 2.0: 0.057692307692307696},\n",
       " {0.0: 1.0},\n",
       " {1.0: 0.9423076923076923, 2.0: 0.057692307692307696},\n",
       " {0.0: 1.0},\n",
       " {1.0: 0.9423076923076923, 2.0: 0.057692307692307696},\n",
       " {2.0: 0.9782608695652174, 1.0: 0.021739130434782608},\n",
       " {0.0: 1.0},\n",
       " {1.0: 0.9423076923076923, 2.0: 0.057692307692307696},\n",
       " {0.0: 1.0},\n",
       " {2.0: 0.9782608695652174, 1.0: 0.021739130434782608},\n",
       " {1.0: 0.9423076923076923, 2.0: 0.057692307692307696},\n",
       " {2.0: 0.9782608695652174, 1.0: 0.021739130434782608},\n",
       " {0.0: 1.0},\n",
       " {1.0: 0.9423076923076923, 2.0: 0.057692307692307696},\n",
       " {1.0: 0.9423076923076923, 2.0: 0.057692307692307696},\n",
       " {0.0: 1.0},\n",
       " {0.0: 1.0},\n",
       " {1.0: 0.9423076923076923, 2.0: 0.057692307692307696},\n",
       " {0.0: 1.0},\n",
       " {0.0: 1.0},\n",
       " {1.0: 0.9423076923076923, 2.0: 0.057692307692307696},\n",
       " {0.0: 1.0},\n",
       " {2.0: 0.9782608695652174, 1.0: 0.021739130434782608},\n",
       " {1.0: 0.9423076923076923, 2.0: 0.057692307692307696},\n",
       " {0.0: 1.0},\n",
       " {1.0: 0.9423076923076923, 2.0: 0.057692307692307696},\n",
       " {1.0: 0.9423076923076923, 2.0: 0.057692307692307696},\n",
       " {1.0: 0.9423076923076923, 2.0: 0.057692307692307696},\n",
       " {2.0: 1.0},\n",
       " {1.0: 0.9423076923076923, 2.0: 0.057692307692307696},\n",
       " {1.0: 0.9423076923076923, 2.0: 0.057692307692307696},\n",
       " {0.0: 1.0},\n",
       " {0.0: 1.0},\n",
       " {2.0: 0.9782608695652174, 1.0: 0.021739130434782608},\n",
       " {1.0: 0.9423076923076923, 2.0: 0.057692307692307696},\n",
       " {0.0: 1.0},\n",
       " {2.0: 0.9782608695652174, 1.0: 0.021739130434782608},\n",
       " {1.0: 0.9423076923076923, 2.0: 0.057692307692307696},\n",
       " {0.0: 1.0},\n",
       " {1.0: 0.9423076923076923, 2.0: 0.057692307692307696},\n",
       " {0.0: 1.0},\n",
       " {2.0: 0.9782608695652174, 1.0: 0.021739130434782608},\n",
       " {2.0: 0.9782608695652174, 1.0: 0.021739130434782608},\n",
       " {1.0: 0.9423076923076923, 2.0: 0.057692307692307696},\n",
       " {1.0: 0.9423076923076923, 2.0: 0.057692307692307696},\n",
       " {0.0: 1.0},\n",
       " {0.0: 1.0},\n",
       " {2.0: 0.9782608695652174, 1.0: 0.021739130434782608},\n",
       " {2.0: 0.9782608695652174, 1.0: 0.021739130434782608},\n",
       " {2.0: 0.9782608695652174, 1.0: 0.021739130434782608},\n",
       " {1.0: 0.9423076923076923, 2.0: 0.057692307692307696},\n",
       " {2.0: 0.9782608695652174, 1.0: 0.021739130434782608},\n",
       " {1.0: 0.9423076923076923, 2.0: 0.057692307692307696},\n",
       " {0.0: 1.0},\n",
       " {0.0: 1.0},\n",
       " {2.0: 0.9782608695652174, 1.0: 0.021739130434782608},\n",
       " {1.0: 0.9423076923076923, 2.0: 0.057692307692307696},\n",
       " {2.0: 0.9782608695652174, 1.0: 0.021739130434782608},\n",
       " {0.0: 1.0},\n",
       " {2.0: 0.9782608695652174, 1.0: 0.021739130434782608},\n",
       " {2.0: 0.9782608695652174, 1.0: 0.021739130434782608},\n",
       " {0.0: 1.0},\n",
       " {1.0: 0.9423076923076923, 2.0: 0.057692307692307696},\n",
       " {2.0: 0.9782608695652174, 1.0: 0.021739130434782608},\n",
       " {2.0: 0.9782608695652174, 1.0: 0.021739130434782608},\n",
       " {1.0: 0.9423076923076923, 2.0: 0.057692307692307696},\n",
       " {0.0: 1.0},\n",
       " {0.0: 1.0},\n",
       " {0.0: 1.0},\n",
       " {2.0: 0.9782608695652174, 1.0: 0.021739130434782608},\n",
       " {0.0: 1.0},\n",
       " {0.0: 1.0},\n",
       " {0.0: 1.0},\n",
       " {1.0: 0.9423076923076923, 2.0: 0.057692307692307696},\n",
       " {2.0: 0.9782608695652174, 1.0: 0.021739130434782608},\n",
       " {2.0: 0.9782608695652174, 1.0: 0.021739130434782608},\n",
       " {1.0: 0.9423076923076923, 2.0: 0.057692307692307696},\n",
       " {2.0: 0.9782608695652174, 1.0: 0.021739130434782608},\n",
       " {2.0: 0.9782608695652174, 1.0: 0.021739130434782608},\n",
       " {0.0: 1.0},\n",
       " {2.0: 0.9782608695652174, 1.0: 0.021739130434782608},\n",
       " {2.0: 0.9782608695652174, 1.0: 0.021739130434782608},\n",
       " {0.0: 1.0},\n",
       " {1.0: 0.9423076923076923, 2.0: 0.057692307692307696},\n",
       " {0.0: 1.0},\n",
       " {2.0: 0.9782608695652174, 1.0: 0.021739130434782608},\n",
       " {1.0: 0.9423076923076923, 2.0: 0.057692307692307696},\n",
       " {2.0: 0.9782608695652174, 1.0: 0.021739130434782608},\n",
       " {1.0: 0.9423076923076923, 2.0: 0.057692307692307696},\n",
       " {0.0: 1.0},\n",
       " {2.0: 0.9782608695652174, 1.0: 0.021739130434782608},\n",
       " {1.0: 0.9423076923076923, 2.0: 0.057692307692307696},\n",
       " {0.0: 1.0}]"
      ]
     },
     "execution_count": 4,
     "metadata": {},
     "output_type": "execute_result"
    }
   ],
   "source": [
    "tree.predict_proba(X)"
   ]
  },
  {
   "cell_type": "code",
   "execution_count": null,
   "metadata": {},
   "outputs": [],
   "source": []
  }
 ],
 "metadata": {
  "kernelspec": {
   "display_name": "Python 3",
   "language": "python",
   "name": "python3"
  },
  "language_info": {
   "codemirror_mode": {
    "name": "ipython",
    "version": 3
   },
   "file_extension": ".py",
   "mimetype": "text/x-python",
   "name": "python",
   "nbconvert_exporter": "python",
   "pygments_lexer": "ipython3",
   "version": "3.7.0"
  }
 },
 "nbformat": 4,
 "nbformat_minor": 2
}
